image: ece_floor_edited_v2.pgm
resolution: 0.050000
origin: [-40.000000, -4.000000, 0.000000]
negate: 0
occupied_thresh: 0.65
free_thresh: 0.196

